=== SHEET Assumptions ===
Parameter	Wert	Erläuterung
Anzahl Rezepte	39	aktueller App-Stand / Pasta Saucen v2.0
Pasta pro Rezept & Person (g)	25	freie Pastasorte, Menge zählt pro Runde
Referenzbasis (g Pasta)	100	Alle Rezeptmengen beziehen sich auf 100 g Pasta
Skalierungsfaktor 100g→25g	0.25	25/100
Hinweis	Bei 8 Rezepten und 4 Personen wären das 8×25g×4 = 800g Pasta.	Die Pastasorte bleibt frei wählbar.
Rezepte gekocht (N)	8	Für den Abend: Gesamt = Portion × N × Personen. N ist editierbar.
Interpretation Totals_1p	1 Portion	Durchschnitt pro Rezeptkarte (uniform über 39 Rezepte) für 25 g Pasta.
Version	1.2	Pasta als feste Einkaufslisten-Menge ergänzt am 2026-03-22
=== SHEET Recipe_100g ===
Rezept	Pasta (g)	Aubergine (g)	Basilikum (g)	Bottarga (g)	Butter (g)	Champignons (g)	Chili/Peperoncino (g)	Eier (Stk)	Fenchel (g)	Garnelen (g)	Getrocknete Tomaten (g)	Gorgonzola (g)	Guanciale/Pancetta (g)	Hähnchen (g)	Kapern (g)	Knoblauch (Zehen)	Kürbis (g)	Lachs (g)	Mandeln (g)	Meeresfrüchte-Mix (g)	Milch (ml)	Minze (g)	Oliven (g)	Olivenöl (ml)	Oregano (g)	Pangrattato (g)	Parmigiano (g)	Pecorino (g)	Petersilie (g)	Pistazien/Pistaziencreme (g)	Ricotta (g)	Rinderhack (g)	Sahne (ml)	Salbei (g)	Salsiccia (g)	Sardellen (g)	Schwarzer Pfeffer (g)	Speck (g)	Spinat (g)	Stracchino (g)	Taleggio (g)	Thunfisch (g)	Tomaten (g)	Tomatenmark (g)	Vongole (g)	Walnüsse (g)	Weißwein (ml)	Zitrone (Saft) (ml)	Zucchini (g)	Zucker (g)	Zwiebeln (g)
Aglio e olio e peperoncino	100	0	0	0	0	0	1	0	0	0	0	0	0	0	0	1	0	0	0	0	0	0	0	20	0	0	0	0	2	0	0	0	0	0	0	0	0	0	0	0	0	0	0	0	0	0	0	0	0	0	0
Cacio e pepe	100	0	0	0	0	0	0	0	0	0	0	0	0	0	0	0	0	0	0	0	0	0	0	0	0	0	0	30	0	0	0	0	0	0	0	0	2	0	0	0	0	0	0	0	0	0	0	0	0	0	0
Carbonara	100	0	0	0	0	0	0	1	0	0	0	0	30	0	0	0	0	0	0	0	0	0	0	0	0	0	0	30	0	0	0	0	0	0	0	0	1	0	0	0	0	0	0	0	0	0	0	0	0	0	0
Gricia	100	0	0	0	0	0	0	0	0	0	0	0	35	0	0	0	0	0	0	0	0	0	0	0	0	0	0	30	0	0	0	0	0	0	0	0	1.5	0	0	0	0	0	0	0	0	0	0	0	0	0	0
Amatriciana	100	0	0	0	0	0	1	0	0	0	0	0	35	0	0	0.5	0	0	0	0	0	0	0	5	0	0	0	20	0	0	0	0	0	0	0	0	0	0	0	0	0	0	120	0	0	0	0	0	0	0	0
Puttanesca	100	0	0	0	0	0	0	0	0	0	0	0	0	0	5	0.5	0	0	0	0	0	0	10	5	0.5	0	0	0	0	0	0	0	0	0	0	5	0	0	0	0	0	0	120	0	0	0	0	0	0	0	0
Aglio, olio e acciughe	100	0	0	0	0	0	0	0	0	0	0	0	0	0	0	1	0	0	0	0	0	0	0	20	0	0	0	0	2	0	0	0	0	0	0	5	0	0	0	0	0	0	0	0	0	0	0	0	0	0	0
Sardellen e pangrattato	100	0	0	0	0	0	0	0	0	0	0	0	0	0	0	1	0	0	0	0	0	0	0	15	0	10	0	0	0	0	0	0	0	0	0	5	0	0	0	0	0	0	0	0	0	0	0	0	0	0	0
Sardellen e limone	100	0	0	0	0	0	0	0	0	0	0	0	0	0	0	1	0	0	0	0	0	0	0	20	0	0	0	0	2	0	0	0	0	0	0	5	0	0	0	0	0	0	0	0	0	0	0	15	0	0	0
Pomodoro e basilico	100	0	2	0	0	0	0	0	0	0	0	0	0	0	0	0.5	0	0	0	0	0	0	0	5	0	0	0	0	0	0	0	0	0	0	0	0	0	0	0	0	0	0	120	0	0	0	0	0	0	0	0
Arrabbiata	100	0	0	0	0	0	1	0	0	0	0	0	0	0	0	0.5	0	0	0	0	0	0	0	5	0	0	0	0	0	0	0	0	0	0	0	0	0	0	0	0	0	0	120	0	0	0	0	0	0	0	0
Marinara	100	0	0	0	0	0	0	0	0	0	0	0	0	0	0	0.5	0	0	0	0	0	0	0	5	0.5	0	0	0	0	0	0	0	0	0	0	0	0	0	0	0	0	0	120	0	0	0	0	0	0	0	0
Ricotta e pomodoro al peperoncino	100	0	0	0	0	0	1	0	0	0	0	0	0	0	0	0.5	0	0	0	0	0	0	0	5	0	0	0	0	0	0	50	0	0	0	0	0	0	0	0	0	0	0	120	0	0	0	0	0	0	0	0
Burro e salvia	100	0	0	0	25	0	0	0	0	0	0	0	0	0	0	0	0	0	0	0	0	0	0	0	0	0	0	0	0	0	0	0	0	2	0	0	0	0	0	0	0	0	0	0	0	0	0	0	0	0	0
Funghi e burro	100	0	0	0	25	80	0	0	0	0	0	0	0	0	0	0.25	0	0	0	0	0	0	0	0	0	0	0	0	2	0	0	0	0	0	0	0	0	0	0	0	0	0	0	0	0	0	0	0	0	0	0
Ricotta al limone	100	0	0	0	0	0	0	0	0	0	0	0	0	0	0	0	0	0	0	0	0	0	0	5	0	0	10	0	0	0	70	0	0	0	0	0	0.5	0	0	0	0	0	0	0	0	0	0	15	0	0	0
Ricotta e gorgonzola	100	0	0	0	0	0	0	0	0	0	0	30	0	0	0	0	0	0	0	0	20	0	0	5	0	0	0	0	0	0	50	0	0	0	0	0	0.5	0	0	0	0	0	0	0	0	0	0	0	0	0	0
Gorgonzola e noci	100	0	0	0	0	0	0	0	0	0	0	35	0	0	0	0	0	0	0	0	20	0	0	5	0	0	0	0	0	0	0	0	0	0	0	0	0	0	0	0	0	0	0	0	0	20	0	0	0	0	0
Parmigiano e burro	100	0	0	0	25	0	0	0	0	0	0	0	0	0	0	0	0	0	0	0	0	0	0	0	0	0	25	0	0	0	0	0	0	0	0	0	0.5	0	0	0	0	0	0	0	0	0	0	0	0	0	0
Pasta all’Assassina	100	0	0	0	0	0	1	0	0	0	0	0	0	0	0	0.5	0	0	0	0	0	0	0	10	0	0	0	0	0	0	0	0	0	0	0	0	0	0	0	0	0	0	150	0	0	0	0	0	0	0	0
Salsiccia e finocchio	100	0	0	0	0	0	0	0	50	0	0	0	0	0	0	0.25	0	0	0	0	0	0	0	5	0	0	0	0	0	0	0	0	0	0	80	0	0	0	0	0	0	0	0	0	0	0	0	0	0	0	20
Speck e cipolla	100	0	0	0	0	0	0	0	0	0	0	0	0	0	0	0	0	0	0	0	0	0	0	5	0	0	0	0	0	0	0	0	0	0	0	0	0.5	60	0	0	0	0	0	0	0	0	0	0	0	0	40
Pollo e panna	100	0	0	0	0	0	0	0	0	0	0	0	0	80	0	0	0	0	0	0	0	0	0	5	0	0	10	0	0	0	0	0	60	0	0	0	0.5	0	0	0	0	0	0	0	0	0	0	0	0	0	20
Pollo e funghi	100	0	0	0	0	70	0	0	0	0	0	0	0	70	0	0	0	0	0	0	0	0	0	5	0	0	0	0	0	0	0	0	40	0	0	0	0	0	0	0	0	0	0	0	0	0	0	0	0	0	20
Tonno e pomodoro	100	0	0	0	0	0	0	0	0	0	0	0	0	0	0	0.25	0	0	0	0	0	0	0	5	0	0	0	0	2	0	0	0	0	0	0	0	0	0	0	0	0	60	120	0	0	0	0	0	0	0	0
Tonno e capperi	100	0	0	0	0	0	0	0	0	0	0	0	0	0	10	0.25	0	0	0	0	0	0	0	10	0	0	0	0	0	0	0	0	0	0	0	0	0	0	0	0	0	60	80	0	0	0	0	10	0	0	0
Salmone e panna	100	0	0	0	0	0	0	0	0	0	0	0	0	0	0	0	0	70	0	0	0	0	0	0	0	0	0	0	0	0	0	0	60	0	0	0	0.5	0	0	0	0	0	0	0	0	0	0	10	0	0	0
Salmone e limone	100	0	0	0	10	0	0	0	0	0	0	0	0	0	0	0	0	70	0	0	0	0	0	0	0	0	0	0	2	0	0	0	0	0	0	0	0.5	0	0	0	0	0	0	0	0	0	0	15	0	0	0
Gamberi e aglio	100	0	0	0	0	0	0.5	0	0	70	0	0	0	0	0	0.5	0	0	0	0	0	0	0	10	0	0	0	0	2	0	0	0	0	0	0	0	0	0	0	0	0	0	0	0	0	0	0	10	0	0	0
Gamberi e zucchine	100	0	0	0	0	0	0	0	0	60	0	0	0	0	0	0.25	0	0	0	0	0	0	0	5	0	0	0	0	2	0	0	0	0	0	0	0	0	0	0	0	0	0	0	0	0	0	0	0	80	0	0
Vongole in bianco	100	0	0	0	0	0	0	0	0	0	0	0	0	0	0	0.5	0	0	0	0	0	0	0	10	0	0	0	0	2	0	0	0	0	0	0	0	0	0	0	0	0	0	0	0	120	0	30	0	0	0	0
Vongole e pomodoro	100	0	0	0	0	0	0	0	0	0	0	0	0	0	0	0.5	0	0	0	0	0	0	0	5	0	0	0	0	2	0	0	0	0	0	0	0	0	0	0	0	0	0	80	0	100	0	0	0	0	0	0
Frutti di mare	100	0	0	0	0	0	0	0	0	0	0	0	0	0	0	0.5	0	0	0	120	0	0	0	5	0	0	0	0	2	0	0	0	0	0	0	0	0	0	0	0	0	0	80	0	0	0	0	0	0	0	0
Bottarga e limone	100	0	0	15	0	0	0	0	0	0	0	0	0	0	0	0	0	0	0	0	0	0	0	10	0	0	0	0	2	0	0	0	0	0	0	0	0	0	0	0	0	0	0	0	0	0	0	15	0	0	0
Melanzane e pomodoro	100	100	2	0	0	0	0	0	0	0	0	0	0	0	0	0.25	0	0	0	0	0	0	0	10	0	0	0	0	0	0	0	0	0	0	0	0	0	0	0	0	0	0	80	0	0	0	0	0	0	0	0
Zucchine e menta	100	0	0	0	0	0	0	0	0	0	0	0	0	0	0	0.25	0	0	0	0	0	2	0	10	0	0	0	0	0	0	0	0	0	0	0	0	0	0	0	0	0	0	0	0	0	0	0	10	120	0	0
Spinaci e ricotta	100	0	0	0	0	0	0	0	0	0	0	0	0	0	0	0.25	0	0	0	0	0	0	0	5	0	0	10	0	0	0	60	0	0	0	0	0	0	0	120	0	0	0	0	0	0	0	0	0	0	0	0
Taleggio e pepe	100	0	0	0	0	0	0	0	0	0	0	0	0	0	0	0	0	0	0	0	20	0	0	5	0	0	0	0	0	0	0	0	0	0	0	0	2	0	0	0	40	0	0	0	0	0	0	0	0	0	0
Stracchino e noci	100	0	0	0	0	0	0	0	0	0	0	0	0	0	0	0	0	0	0	0	20	0	0	5	0	0	0	0	0	0	0	0	0	0	0	0	0	0	0	40	0	0	0	0	0	20	0	0	0	0	0
=== SHEET Recipe_25g_1p ===
Rezept	Pasta (g)	Aubergine (g)	Basilikum (g)	Bottarga (g)	Butter (g)	Champignons (g)	Chili/Peperoncino (g)	Eier (Stk)	Fenchel (g)	Garnelen (g)	Getrocknete Tomaten (g)	Gorgonzola (g)	Guanciale/Pancetta (g)	Hähnchen (g)	Kapern (g)	Knoblauch (Zehen)	Kürbis (g)	Lachs (g)	Mandeln (g)	Meeresfrüchte-Mix (g)	Milch (ml)	Minze (g)	Oliven (g)	Olivenöl (ml)	Oregano (g)	Pangrattato (g)	Parmigiano (g)	Pecorino (g)	Petersilie (g)	Pistazien/Pistaziencreme (g)	Ricotta (g)	Rinderhack (g)	Sahne (ml)	Salbei (g)	Salsiccia (g)	Sardellen (g)	Schwarzer Pfeffer (g)	Speck (g)	Spinat (g)	Stracchino (g)	Taleggio (g)	Thunfisch (g)	Tomaten (g)	Tomatenmark (g)	Vongole (g)	Walnüsse (g)	Weißwein (ml)	Zitrone (Saft) (ml)	Zucchini (g)	Zucker (g)	Zwiebeln (g)
Aglio e olio e peperoncino	25	0	0	0	0	0	0.25	0	0	0	0	0	0	0	0	0.25	0	0	0	0	0	0	0	5	0	0	0	0	0.5	0	0	0	0	0	0	0	0	0	0	0	0	0	0	0	0	0	0	0	0	0	0
Cacio e pepe	25	0	0	0	0	0	0	0	0	0	0	0	0	0	0	0	0	0	0	0	0	0	0	0	0	0	0	7.5	0	0	0	0	0	0	0	0	0.5	0	0	0	0	0	0	0	0	0	0	0	0	0	0
Carbonara	25	0	0	0	0	0	0	0.25	0	0	0	0	7.5	0	0	0	0	0	0	0	0	0	0	0	0	0	0	7.5	0	0	0	0	0	0	0	0	0.25	0	0	0	0	0	0	0	0	0	0	0	0	0	0
Gricia	25	0	0	0	0	0	0	0	0	0	0	0	8.75	0	0	0	0	0	0	0	0	0	0	0	0	0	0	7.5	0	0	0	0	0	0	0	0	0.375	0	0	0	0	0	0	0	0	0	0	0	0	0	0
Amatriciana	25	0	0	0	0	0	0.25	0	0	0	0	0	8.75	0	0	0.125	0	0	0	0	0	0	0	1.25	0	0	0	5	0	0	0	0	0	0	0	0	0	0	0	0	0	0	30	0	0	0	0	0	0	0	0
Puttanesca	25	0	0	0	0	0	0	0	0	0	0	0	0	0	1.25	0.125	0	0	0	0	0	0	2.5	1.25	0.125	0	0	0	0	0	0	0	0	0	0	1.25	0	0	0	0	0	0	30	0	0	0	0	0	0	0	0
Aglio, olio e acciughe	25	0	0	0	0	0	0	0	0	0	0	0	0	0	0	0.25	0	0	0	0	0	0	0	5	0	0	0	0	0.5	0	0	0	0	0	0	1.25	0	0	0	0	0	0	0	0	0	0	0	0	0	0	0
Sardellen e pangrattato	25	0	0	0	0	0	0	0	0	0	0	0	0	0	0	0.25	0	0	0	0	0	0	0	3.75	0	2.5	0	0	0	0	0	0	0	0	0	1.25	0	0	0	0	0	0	0	0	0	0	0	0	0	0	0
Sardellen e limone	25	0	0	0	0	0	0	0	0	0	0	0	0	0	0	0.25	0	0	0	0	0	0	0	5	0	0	0	0	0.5	0	0	0	0	0	0	1.25	0	0	0	0	0	0	0	0	0	0	0	3.75	0	0	0
Pomodoro e basilico	25	0	0.5	0	0	0	0	0	0	0	0	0	0	0	0	0.125	0	0	0	0	0	0	0	1.25	0	0	0	0	0	0	0	0	0	0	0	0	0	0	0	0	0	0	30	0	0	0	0	0	0	0	0
Arrabbiata	25	0	0	0	0	0	0.25	0	0	0	0	0	0	0	0	0.125	0	0	0	0	0	0	0	1.25	0	0	0	0	0	0	0	0	0	0	0	0	0	0	0	0	0	0	30	0	0	0	0	0	0	0	0
Marinara	25	0	0	0	0	0	0	0	0	0	0	0	0	0	0	0.125	0	0	0	0	0	0	0	1.25	0.125	0	0	0	0	0	0	0	0	0	0	0	0	0	0	0	0	0	30	0	0	0	0	0	0	0	0
Ricotta e pomodoro al peperoncino	25	0	0	0	0	0	0.25	0	0	0	0	0	0	0	0	0.125	0	0	0	0	0	0	0	1.25	0	0	0	0	0	0	12.5	0	0	0	0	0	0	0	0	0	0	0	30	0	0	0	0	0	0	0	0
Burro e salvia	25	0	0	0	6.25	0	0	0	0	0	0	0	0	0	0	0	0	0	0	0	0	0	0	0	0	0	0	0	0	0	0	0	0	0.5	0	0	0	0	0	0	0	0	0	0	0	0	0	0	0	0	0
Funghi e burro	25	0	0	0	6.25	20	0	0	0	0	0	0	0	0	0	0.0625	0	0	0	0	0	0	0	0	0	0	0	0	0.5	0	0	0	0	0	0	0	0	0	0	0	0	0	0	0	0	0	0	0	0	0	0
Ricotta al limone	25	0	0	0	0	0	0	0	0	0	0	0	0	0	0	0	0	0	0	0	0	0	0	1.25	0	0	2.5	0	0	0	17.5	0	0	0	0	0	0.125	0	0	0	0	0	0	0	0	0	0	3.75	0	0	0
Ricotta e gorgonzola	25	0	0	0	0	0	0	0	0	0	0	7.5	0	0	0	0	0	0	0	0	5	0	0	1.25	0	0	0	0	0	0	12.5	0	0	0	0	0	0.125	0	0	0	0	0	0	0	0	0	0	0	0	0	0
Gorgonzola e noci	25	0	0	0	0	0	0	0	0	0	0	8.75	0	0	0	0	0	0	0	0	5	0	0	1.25	0	0	0	0	0	0	0	0	0	0	0	0	0	0	0	0	0	0	0	0	0	5	0	0	0	0	0
Parmigiano e burro	25	0	0	0	6.25	0	0	0	0	0	0	0	0	0	0	0	0	0	0	0	0	0	0	0	0	0	6.25	0	0	0	0	0	0	0	0	0	0.125	0	0	0	0	0	0	0	0	0	0	0	0	0	0
Pasta all’Assassina	25	0	0	0	0	0	0.25	0	0	0	0	0	0	0	0	0.125	0	0	0	0	0	0	0	2.5	0	0	0	0	0	0	0	0	0	0	0	0	0	0	0	0	0	0	37.5	0	0	0	0	0	0	0	0
Salsiccia e finocchio	25	0	0	0	0	0	0	0	12.5	0	0	0	0	0	0	0.0625	0	0	0	0	0	0	0	1.25	0	0	0	0	0	0	0	0	0	0	20	0	0	0	0	0	0	0	0	0	0	0	0	0	0	0	5
Speck e cipolla	25	0	0	0	0	0	0	0	0	0	0	0	0	0	0	0	0	0	0	0	0	0	0	1.25	0	0	0	0	0	0	0	0	0	0	0	0	0.125	15	0	0	0	0	0	0	0	0	0	0	0	0	10
Pollo e panna	25	0	0	0	0	0	0	0	0	0	0	0	0	20	0	0	0	0	0	0	0	0	0	1.25	0	0	2.5	0	0	0	0	0	15	0	0	0	0.125	0	0	0	0	0	0	0	0	0	0	0	0	0	5
Pollo e funghi	25	0	0	0	0	17.5	0	0	0	0	0	0	0	17.5	0	0	0	0	0	0	0	0	0	1.25	0	0	0	0	0	0	0	0	10	0	0	0	0	0	0	0	0	0	0	0	0	0	0	0	0	0	5
Tonno e pomodoro	25	0	0	0	0	0	0	0	0	0	0	0	0	0	0	0.0625	0	0	0	0	0	0	0	1.25	0	0	0	0	0.5	0	0	0	0	0	0	0	0	0	0	0	0	15	30	0	0	0	0	0	0	0	0
Tonno e capperi	25	0	0	0	0	0	0	0	0	0	0	0	0	0	2.5	0.0625	0	0	0	0	0	0	0	2.5	0	0	0	0	0	0	0	0	0	0	0	0	0	0	0	0	0	15	20	0	0	0	0	2.5	0	0	0
Salmone e panna	25	0	0	0	0	0	0	0	0	0	0	0	0	0	0	0	0	17.5	0	0	0	0	0	0	0	0	0	0	0	0	0	0	15	0	0	0	0.125	0	0	0	0	0	0	0	0	0	0	2.5	0	0	0
Salmone e limone	25	0	0	0	2.5	0	0	0	0	0	0	0	0	0	0	0	0	17.5	0	0	0	0	0	0	0	0	0	0	0.5	0	0	0	0	0	0	0	0.125	0	0	0	0	0	0	0	0	0	0	3.75	0	0	0
Gamberi e aglio	25	0	0	0	0	0	0.125	0	0	17.5	0	0	0	0	0	0.125	0	0	0	0	0	0	0	2.5	0	0	0	0	0.5	0	0	0	0	0	0	0	0	0	0	0	0	0	0	0	0	0	0	2.5	0	0	0
Gamberi e zucchine	25	0	0	0	0	0	0	0	0	15	0	0	0	0	0	0.0625	0	0	0	0	0	0	0	1.25	0	0	0	0	0.5	0	0	0	0	0	0	0	0	0	0	0	0	0	0	0	0	0	0	0	20	0	0
Vongole in bianco	25	0	0	0	0	0	0	0	0	0	0	0	0	0	0	0.125	0	0	0	0	0	0	0	2.5	0	0	0	0	0.5	0	0	0	0	0	0	0	0	0	0	0	0	0	0	0	30	0	7.5	0	0	0	0
Vongole e pomodoro	25	0	0	0	0	0	0	0	0	0	0	0	0	0	0	0.125	0	0	0	0	0	0	0	1.25	0	0	0	0	0.5	0	0	0	0	0	0	0	0	0	0	0	0	0	20	0	25	0	0	0	0	0	0
Frutti di mare	25	0	0	0	0	0	0	0	0	0	0	0	0	0	0	0.125	0	0	0	30	0	0	0	1.25	0	0	0	0	0.5	0	0	0	0	0	0	0	0	0	0	0	0	0	20	0	0	0	0	0	0	0	0
Bottarga e limone	25	0	0	3.75	0	0	0	0	0	0	0	0	0	0	0	0	0	0	0	0	0	0	0	2.5	0	0	0	0	0.5	0	0	0	0	0	0	0	0	0	0	0	0	0	0	0	0	0	0	3.75	0	0	0
Melanzane e pomodoro	25	25	0.5	0	0	0	0	0	0	0	0	0	0	0	0	0.0625	0	0	0	0	0	0	0	2.5	0	0	0	0	0	0	0	0	0	0	0	0	0	0	0	0	0	0	20	0	0	0	0	0	0	0	0
Zucchine e menta	25	0	0	0	0	0	0	0	0	0	0	0	0	0	0	0.0625	0	0	0	0	0	0.5	0	2.5	0	0	0	0	0	0	0	0	0	0	0	0	0	0	0	0	0	0	0	0	0	0	0	2.5	30	0	0
Spinaci e ricotta	25	0	0	0	0	0	0	0	0	0	0	0	0	0	0	0.0625	0	0	0	0	0	0	0	1.25	0	0	2.5	0	0	0	15	0	0	0	0	0	0	0	30	0	0	0	0	0	0	0	0	0	0	0	0
Taleggio e pepe	25	0	0	0	0	0	0	0	0	0	0	0	0	0	0	0	0	0	0	0	5	0	0	1.25	0	0	0	0	0	0	0	0	0	0	0	0	0.5	0	0	0	10	0	0	0	0	0	0	0	0	0	0
Stracchino e noci	25	0	0	0	0	0	0	0	0	0	0	0	0	0	0	0	0	0	0	0	5	0	0	1.25	0	0	0	0	0	0	0	0	0	0	0	0	0	0	0	10	0	0	0	0	0	5	0	0	0	0	0
=== SHEET Totals_1p ===
Zutat	Gesamtmenge für 1 Person	Herleitung (auf Basis 100g→25g)
Pasta (g)	25	25 (feste Menge pro Rezept und Person)
Aubergine (g)	0.641	0.25×(100.0/39)
Basilikum (g)	0.0256	0.25×(4.0/39)
Bottarga (g)	0.0962	0.25×(15.0/39)
Butter (g)	0.5449	0.25×(85.0/39)
Champignons (g)	0.9615	0.25×(150.0/39)
Chili/Peperoncino (g)	0.0353	0.25×(5.5/39)
Eier (Stk)	0.0064	0.25×(1.0/39)
Fenchel (g)	0.3205	0.25×(50.0/39)
Garnelen (g)	0.8333	0.25×(130.0/39)
Getrocknete Tomaten (g)	0	0.25×(0.0/39)
Gorgonzola (g)	0.4167	0.25×(65.0/39)
Guanciale/Pancetta (g)	0.641	0.25×(100.0/39)
Hähnchen (g)	0.9615	0.25×(150.0/39)
Kapern (g)	0.0962	0.25×(15.0/39)
Knoblauch (Zehen)	0.0737	0.25×(11.5/39)
Kürbis (g)	0	0.25×(0.0/39)
Lachs (g)	0.8974	0.25×(140.0/39)
Mandeln (g)	0	0.25×(0.0/39)
Meeresfrüchte-Mix (g)	0.7692	0.25×(120.0/39)
Milch (ml)	0.5128	0.25×(80.0/39)
Minze (g)	0.0128	0.25×(2.0/39)
Oliven (g)	0.0641	0.25×(10.0/39)
Olivenöl (ml)	1.5705	0.25×(245.0/39)
Oregano (g)	0.0064	0.25×(1.0/39)
Pangrattato (g)	0.0641	0.25×(10.0/39)
Parmigiano (g)	0.3526	0.25×(55.0/39)
Pecorino (g)	0.7051	0.25×(110.0/39)
Petersilie (g)	0.1538	0.25×(24.0/39)
Pistazien/Pistaziencreme (g)	0	0.25×(0.0/39)
Ricotta (g)	1.4744	0.25×(230.0/39)
Rinderhack (g)	0	0.25×(0.0/39)
Sahne (ml)	1.0256	0.25×(160.0/39)
Salbei (g)	0.0128	0.25×(2.0/39)
Salsiccia (g)	0.5128	0.25×(80.0/39)
Sardellen (g)	0.1282	0.25×(20.0/39)
Schwarzer Pfeffer (g)	0.0641	0.25×(10.0/39)
Speck (g)	0.3846	0.25×(60.0/39)
Spinat (g)	0.7692	0.25×(120.0/39)
Stracchino (g)	0.2564	0.25×(40.0/39)
Taleggio (g)	0.2564	0.25×(40.0/39)
Thunfisch (g)	0.7692	0.25×(120.0/39)
Tomaten (g)	8.3974	0.25×(1310.0/39)
Tomatenmark (g)	0	0.25×(0.0/39)
Vongole (g)	1.4103	0.25×(220.0/39)
Walnüsse (g)	0.2564	0.25×(40.0/39)
Weißwein (ml)	0.1923	0.25×(30.0/39)
Zitrone (Saft) (ml)	0.641	0.25×(100.0/39)
Zucchini (g)	1.2821	0.25×(200.0/39)
Zucker (g)	0	0.25×(0.0/39)
Zwiebeln (g)	0.641	0.25×(100.0/39)
=== SHEET Scale_1-10p ===
Personen	Pasta (g)	Aubergine (g)	Basilikum (g)	Bottarga (g)	Butter (g)	Champignons (g)	Chili/Peperoncino (g)	Eier (Stk)	Fenchel (g)	Garnelen (g)	Getrocknete Tomaten (g)	Gorgonzola (g)	Guanciale/Pancetta (g)	Hähnchen (g)	Kapern (g)	Knoblauch (Zehen)	Kürbis (g)	Lachs (g)	Mandeln (g)	Meeresfrüchte-Mix (g)	Milch (ml)	Minze (g)	Oliven (g)	Olivenöl (ml)	Oregano (g)	Pangrattato (g)	Parmigiano (g)	Pecorino (g)	Petersilie (g)	Pistazien/Pistaziencreme (g)	Ricotta (g)	Rinderhack (g)	Sahne (ml)	Salbei (g)	Salsiccia (g)	Sardellen (g)	Schwarzer Pfeffer (g)	Speck (g)	Spinat (g)	Stracchino (g)	Taleggio (g)	Thunfisch (g)	Tomaten (g)	Tomatenmark (g)	Vongole (g)	Walnüsse (g)	Weißwein (ml)	Zitrone (Saft) (ml)	Zucchini (g)	Zucker (g)	Zwiebeln (g)
1	25	0.641	0.0256	0.0962	0.5449	0.9615	0.0353	0.0064	0.3205	0.8333	0	0.4167	0.641	0.9615	0.0962	0.0737	0	0.8974	0	0.7692	0.5128	0.0128	0.0641	1.5705	0.0064	0.0641	0.3526	0.7051	0.1538	0	1.4744	0	1.0256	0.0128	0.5128	0.1282	0.0641	0.3846	0.7692	0.2564	0.2564	0.7692	8.3974	0	1.4103	0.2564	0.1923	0.641	1.2821	0	0.641
2	50	1.282	0.0512	0.1924	1.0898	1.923	0.0706	0.0128	0.641	1.6666	0	0.8334	1.282	1.923	0.1924	0.1474	0	1.7948	0	1.5384	1.0256	0.0256	0.1282	3.141	0.0128	0.1282	0.7052	1.4102	0.3076	0	2.9488	0	2.0512	0.0256	1.0256	0.2564	0.1282	0.7692	1.5384	0.5128	0.5128	1.5384	16.7948	0	2.8206	0.5128	0.3846	1.282	2.5642	0	1.282
3	75	1.923	0.0768	0.2886	1.6347	2.8845	0.1059	0.0192	0.9615	2.4999	0	1.2501	1.923	2.8845	0.2886	0.2211	0	2.6922	0	2.3076	1.5384	0.0384	0.1923	4.7115	0.0192	0.1923	1.0578	2.1153	0.4614	0	4.4232	0	3.0768	0.0384	1.5384	0.3846	0.1923	1.1538	2.3076	0.7692	0.7692	2.3076	25.1922	0	4.2309	0.7692	0.5769	1.923	3.8463	0	1.923
4	100	2.564	0.1024	0.3848	2.1796	3.846	0.1412	0.0256	1.282	3.3332	0	1.6668	2.564	3.846	0.3848	0.2948	0	3.5896	0	3.0768	2.0512	0.0512	0.2564	6.282	0.0256	0.2564	1.4104	2.8204	0.6152	0	5.8976	0	4.1024	0.0512	2.0512	0.5128	0.2564	1.5384	3.0768	1.0256	1.0256	3.0768	33.5896	0	5.6412	1.0256	0.7692	2.564	5.1284	0	2.564
5	125	3.205	0.128	0.481	2.7245	4.8075	0.1765	0.032	1.6025	4.1665	0	2.0835	3.205	4.8075	0.481	0.3685	0	4.487	0	3.846	2.564	0.064	0.3205	7.8525	0.032	0.3205	1.763	3.5255	0.769	0	7.372	0	5.128	0.064	2.564	0.641	0.3205	1.923	3.846	1.282	1.282	3.846	41.987	0	7.0515	1.282	0.9615	3.205	6.4105	0	3.205
6	150	3.846	0.1536	0.5772	3.2694	5.769	0.2118	0.0384	1.923	4.9998	0	2.5002	3.846	5.769	0.5772	0.4422	0	5.3844	0	4.6152	3.0768	0.0768	0.3846	9.423	0.0384	0.3846	2.1156	4.2306	0.9228	0	8.8464	0	6.1536	0.0768	3.0768	0.7692	0.3846	2.3076	4.6152	1.5384	1.5384	4.6152	50.3844	0	8.4618	1.5384	1.1538	3.846	7.6926	0	3.846
7	175	4.487	0.1792	0.6734	3.8143	6.7305	0.2471	0.0448	2.2435	5.8331	0	2.9169	4.487	6.7305	0.6734	0.5159	0	6.2818	0	5.3844	3.5896	0.0896	0.4487	10.9935	0.0448	0.4487	2.4682	4.9357	1.0766	0	10.3208	0	7.1792	0.0896	3.5896	0.8974	0.4487	2.6922	5.3844	1.7948	1.7948	5.3844	58.7818	0	9.8721	1.7948	1.3461	4.487	8.9747	0	4.487
8	200	5.128	0.2048	0.7696	4.3592	7.692	0.2824	0.0512	2.564	6.6664	0	3.3336	5.128	7.692	0.7696	0.5896	0	7.1792	0	6.1536	4.1024	0.1024	0.5128	12.564	0.0512	0.5128	2.8208	5.6408	1.2304	0	11.7952	0	8.2048	0.1024	4.1024	1.0256	0.5128	3.0768	6.1536	2.0512	2.0512	6.1536	67.1792	0	11.2824	2.0512	1.5384	5.128	10.2568	0	5.128
9	225	5.769	0.2304	0.8658	4.9041	8.6535	0.3177	0.0576	2.8845	7.4997	0	3.7503	5.769	8.6535	0.8658	0.6633	0	8.0766	0	6.9228	4.6152	0.1152	0.5769	14.1345	0.0576	0.5769	3.1734	6.3459	1.3842	0	13.2696	0	9.2304	0.1152	4.6152	1.1538	0.5769	3.4614	6.9228	2.3076	2.3076	6.9228	75.5766	0	12.6927	2.3076	1.7307	5.769	11.5389	0	5.769
10	250	6.41	0.256	0.962	5.449	9.615	0.353	0.064	3.205	8.333	0	4.167	6.41	9.615	0.962	0.737	0	8.974	0	7.692	5.128	0.128	0.641	15.705	0.064	0.641	3.526	7.051	1.538	0	14.744	0	10.256	0.128	5.128	1.282	0.641	3.846	7.692	2.564	2.564	7.692	83.974	0	14.103	2.564	1.923	6.41	12.821	0	6.41
=== SHEET Scale_1-10p_NRezepte ===
Personen	Rezepte (N)	Pasta (g)	Aubergine (g)	Basilikum (g)	Bottarga (g)	Butter (g)	Champignons (g)	Chili/Peperoncino (g)	Eier (Stk)	Fenchel (g)	Garnelen (g)	Getrocknete Tomaten (g)	Gorgonzola (g)	Guanciale/Pancetta (g)	Hähnchen (g)	Kapern (g)	Knoblauch (Zehen)	Kürbis (g)	Lachs (g)	Mandeln (g)	Meeresfrüchte-Mix (g)	Milch (ml)	Minze (g)	Oliven (g)	Olivenöl (ml)	Oregano (g)	Pangrattato (g)	Parmigiano (g)	Pecorino (g)	Petersilie (g)	Pistazien/Pistaziencreme (g)	Ricotta (g)	Rinderhack (g)	Sahne (ml)	Salbei (g)	Salsiccia (g)	Sardellen (g)	Schwarzer Pfeffer (g)	Speck (g)	Spinat (g)	Stracchino (g)	Taleggio (g)	Thunfisch (g)	Tomaten (g)	Tomatenmark (g)	Vongole (g)	Walnüsse (g)	Weißwein (ml)	Zitrone (Saft) (ml)	Zucchini (g)	Zucker (g)	Zwiebeln (g)
1	8	200	5.128	0.2048	0.7696	4.3592	7.692	0.2824	0.0512	2.564	6.6664	0	3.3336	5.128	7.692	0.7696	0.5896	0	7.1792	0	6.1536	4.1024	0.1024	0.5128	12.564	0.0512	0.5128	2.8208	5.6408	1.2304	0	11.7952	0	8.2048	0.1024	4.1024	1.0256	0.5128	3.0768	6.1536	2.0512	2.0512	6.1536	67.1792	0	11.2824	2.0512	1.5384	5.128	10.2568	0	5.128
2	8	400	10.256	0.4096	1.5392	8.7184	15.384	0.5648	0.1024	5.128	13.3328	0	6.6672	10.256	15.384	1.5392	1.1792	0	14.3584	0	12.3072	8.2048	0.2048	1.0256	25.128	0.1024	1.0256	5.6416	11.2816	2.4608	0	23.5904	0	16.4096	0.2048	8.2048	2.0512	1.0256	6.1536	12.3072	4.1024	4.1024	12.3072	134.3584	0	22.5648	4.1024	3.0768	10.256	20.5136	0	10.256
3	8	600	15.384	0.6144	2.3088	13.0776	23.076	0.8472	0.1536	7.692	19.9992	0	10.0008	15.384	23.076	2.3088	1.7688	0	21.5376	0	18.4608	12.3072	0.3072	1.5384	37.692	0.1536	1.5384	8.4624	16.9224	3.6912	0	35.3856	0	24.6144	0.3072	12.3072	3.0768	1.5384	9.2304	18.4608	6.1536	6.1536	18.4608	201.5376	0	33.8472	6.1536	4.6152	15.384	30.7704	0	15.384
4	8	800	20.512	0.8192	3.0784	17.4368	30.768	1.1296	0.2048	10.256	26.6656	0	13.3344	20.512	30.768	3.0784	2.3584	0	28.7168	0	24.6144	16.4096	0.4096	2.0512	50.256	0.2048	2.0512	11.2832	22.5632	4.9216	0	47.1808	0	32.8192	0.4096	16.4096	4.1024	2.0512	12.3072	24.6144	8.2048	8.2048	24.6144	268.7168	0	45.1296	8.2048	6.1536	20.512	41.0272	0	20.512
5	8	1000	25.64	1.024	3.848	21.796	38.46	1.412	0.256	12.82	33.332	0	16.668	25.64	38.46	3.848	2.948	0	35.896	0	30.768	20.512	0.512	2.564	62.82	0.256	2.564	14.104	28.204	6.152	0	58.976	0	41.024	0.512	20.512	5.128	2.564	15.384	30.768	10.256	10.256	30.768	335.896	0	56.412	10.256	7.692	25.64	51.284	0	25.64
6	8	1200	30.768	1.2288	4.6176	26.1552	46.152	1.6944	0.3072	15.384	39.9984	0	20.0016	30.768	46.152	4.6176	3.5376	0	43.0752	0	36.9216	24.6144	0.6144	3.0768	75.384	0.3072	3.0768	16.9248	33.8448	7.3824	0	70.7712	0	49.2288	0.6144	24.6144	6.1536	3.0768	18.4608	36.9216	12.3072	12.3072	36.9216	403.0752	0	67.6944	12.3072	9.2304	30.768	61.5408	0	30.768
7	8	1400	35.896	1.4336	5.3872	30.5144	53.844	1.9768	0.3584	17.948	46.6648	0	23.3352	35.896	53.844	5.3872	4.1272	0	50.2544	0	43.0752	28.7168	0.7168	3.5896	87.948	0.3584	3.5896	19.7456	39.4856	8.6128	0	82.5664	0	57.4336	0.7168	28.7168	7.1792	3.5896	21.5376	43.0752	14.3584	14.3584	43.0752	470.2544	0	78.9768	14.3584	10.7688	35.896	71.7976	0	35.896
8	8	1600	41.024	1.6384	6.1568	34.8736	61.536	2.2592	0.4096	20.512	53.3312	0	26.6688	41.024	61.536	6.1568	4.7168	0	57.4336	0	49.2288	32.8192	0.8192	4.1024	100.512	0.4096	4.1024	22.5664	45.1264	9.8432	0	94.3616	0	65.6384	0.8192	32.8192	8.2048	4.1024	24.6144	49.2288	16.4096	16.4096	49.2288	537.4336	0	90.2592	16.4096	12.3072	41.024	82.0544	0	41.024
9	8	1800	46.152	1.8432	6.9264	39.2328	69.228	2.5416	0.4608	23.076	59.9976	0	30.0024	46.152	69.228	6.9264	5.3064	0	64.6128	0	55.3824	36.9216	0.9216	4.6152	113.076	0.4608	4.6152	25.3872	50.7672	11.0736	0	106.1568	0	73.8432	0.9216	36.9216	9.2304	4.6152	27.6912	55.3824	18.4608	18.4608	55.3824	604.6128	0	101.5416	18.4608	13.8456	46.152	92.3112	0	46.152
10	8	2000	51.28	2.048	7.696	43.592	76.92	2.824	0.512	25.64	66.664	0	33.336	51.28	76.92	7.696	5.896	0	71.792	0	61.536	41.024	1.024	5.128	125.64	0.512	5.128	28.208	56.408	12.304	0	117.952	0	82.048	1.024	41.024	10.256	5.128	30.768	61.536	20.512	20.512	61.536	671.792	0	112.824	20.512	15.384	51.28	102.568	0	51.28
